free_thresh: 0.25
image: willow-partial0.pgm
mode: trinary
negate: 0
occupied_thresh: 0.65
origin: [-4.65, -4.98, 0]
parking:
  park01: [3.097470283508301, -0.49504196643829346, 0.26356980930469254]
  park03: [0.3255060911178589, -0.36830902099609375, -2.1694994514349712]
resolution: 0.05
