free_thresh: 0.25
image: willow-partial0.pgm
mode: trinary
negate: 0
occupied_thresh: 0.65
origin: [-4.65, -4.98, 0]
parking:
  park00: [3.7535417079925537, 2.6200709342956543, -0.3572084088477258]
  park01: [3.097470283508301, -0.49504196643829346, 0.2635698093046925]
resolution: 0.05
